%YAML:1.0
---
camera_matrix: !!opencv-matrix
   rows: 3
   cols: 3
   dt: d
   data: [ 603.80066281046993, 0., 471.01916250225469, 0.,
       603.76549400937995, 292.13465144715883, 0., 0., 1. ]
dist_coeff: !!opencv-matrix
   rows: 1
   cols: 5
   dt: d
   data: [ -0.15458294407583209, 0.4768316122993434,
       0.0041996156984983679, 8.105026162443615e-05, -1.6088524275063292 ]
