[
  {
    "image": "1753303718.515651.png",
    "timestamp": 1753303718.515651,
    "T_board_cam": [
      [
        0.9983397866530022,
        0.052975445103830884,
        0.022611337901354216,
        -0.08778760958568146
      ],
      [
        -0.0563844391444087,
        0.9790310521901764,
        0.19575237896323633,
        -0.09945059413498847
      ],
      [
        -0.011767132531279199,
        -0.19670231585684755,
        0.9803926425308098,
        0.5055782869632698
      ],
      [
        0.0,
        0.0,
        0.0,
        1.0
      ]
    ]
  },
  {
    "image": "1753303720.519638.png",
    "timestamp": 1753303720.519638,
    "T_board_cam": [
      [
        0.92604019973407,
        0.1388003416078044,
        -0.350975802080486,
        -0.09870649366314796
      ],
      [
        -0.05690276220922077,
        0.9706371264717237,
        0.23372129635032377,
        -0.10936059633281271
      ],
      [
        0.37311073976695525,
        -0.1964638233473832,
        0.9067471213002464,
        0.47001332502178506
      ],
      [
        0.0,
        0.0,
        0.0,
        1.0
      ]
    ]
  },
  {
    "image": "1753303722.523311.png",
    "timestamp": 1753303722.523311,
    "T_board_cam": [
      [
        0.9213331877504695,
        0.036186202785669114,
        0.3870861866271033,
        -0.09363093164149819
      ],
      [
        -0.1411006566026007,
        0.9588922497655126,
        0.24620369218585844,
        -0.10370122467847298
      ],
      [
        -0.3622647676159982,
        -0.28145374765241343,
        0.8885651501586918,
        0.5781664418597214
      ],
      [
        0.0,
        0.0,
        0.0,
        1.0
      ]
    ]
  },
  {
    "image": "1753303724.527749.png",
    "timestamp": 1753303724.527749,
    "T_board_cam": [
      [
        0.9944480966428437,
        0.10002915837364575,
        0.032667270447427274,
        -0.10929794014815336
      ],
      [
        -0.10291669982702438,
        0.9892606358935928,
        0.10378606442157162,
        -0.09064874790511136
      ],
      [
        -0.021934812060727088,
        -0.10657186188888956,
        0.994063027314363,
        0.527528153265482
      ],
      [
        0.0,
        0.0,
        0.0,
        1.0
      ]
    ]
  },
  {
    "image": "1753303726.530911.png",
    "timestamp": 1753303726.530911,
    "T_board_cam": [
      [
        0.999508826298588,
        0.029001027529112027,
        -0.011876302180171387,
        -0.11944110436532687
      ],
      [
        -0.027682652480749376,
        0.9946848999236728,
        0.09917469745586817,
        -0.10384822521001115
      ],
      [
        0.014689346576656076,
        -0.09879721790662231,
        0.9949991622263118,
        0.525123225722449
      ],
      [
        0.0,
        0.0,
        0.0,
        1.0
      ]
    ]
  },
  {
    "image": "1753303728.534691.png",
    "timestamp": 1753303728.534691,
    "T_board_cam": [
      [
        0.9953563275544024,
        0.08802128535088062,
        -0.03896196250950504,
        -0.13341324393770093
      ],
      [
        -0.08538433048456072,
        0.9942363161076389,
        0.06483566796458926,
        -0.0999848634142364
      ],
      [
        0.04444431690460032,
        -0.0612078512765315,
        0.9971350468401927,
        0.590424141432313
      ],
      [
        0.0,
        0.0,
        0.0,
        1.0
      ]
    ]
  },
  {
    "image": "1753303730.537983.png",
    "timestamp": 1753303730.537983,
    "T_board_cam": [
      [
        0.9947109378287375,
        0.07969959404193912,
        -0.06479293845338094,
        -0.1271546068405879
      ],
      [
        -0.06909666381576286,
        0.9859601750269027,
        0.1520137635559718,
        -0.10062502231568683
      ],
      [
        0.0759986921822011,
        -0.14673277742368795,
        0.9862523464185652,
        0.5301261748782555
      ],
      [
        0.0,
        0.0,
        0.0,
        1.0
      ]
    ]
  },
  {
    "image": "1753303732.543949.png",
    "timestamp": 1753303732.543949,
    "T_board_cam": [
      [
        0.8757275575327736,
        0.15054198116474038,
        -0.4587356067329826,
        -0.1048720174362276
      ],
      [
        -0.0630805955001331,
        0.9776770708811726,
        0.20042051677550152,
        -0.10550849937988965
      ],
      [
        0.478666985961045,
        -0.1465764543854348,
        0.8656750311582073,
        0.469876705414787
      ],
      [
        0.0,
        0.0,
        0.0,
        1.0
      ]
    ]
  },
  {
    "image": "1753303734.546306.png",
    "timestamp": 1753303734.546306,
    "T_board_cam": [
      [
        0.9865457260517133,
        0.15290955955073254,
        -0.057846322329935494,
        -0.13423753130094715
      ],
      [
        -0.09143434946796448,
        0.8093811269673082,
        0.5801223586852176,
        -0.10173538083539346
      ],
      [
        0.13552597591040605,
        -0.5670280926965885,
        0.8124726776614712,
        0.5354508571997424
      ],
      [
        0.0,
        0.0,
        0.0,
        1.0
      ]
    ]
  },
  {
    "image": "1753303736.549424.png",
    "timestamp": 1753303736.549424,
    "T_board_cam": [
      [
        0.9880781133814618,
        0.14813728455809264,
        0.041916426139235005,
        -0.12611026103425124
      ],
      [
        -0.13256116254953007,
        0.9570955529925905,
        -0.25767351556829526,
        -0.06357375195231606
      ],
      [
        -0.07828907995402885,
        0.2490450709521514,
        0.965322418984657,
        0.5320143923861155
      ],
      [
        0.0,
        0.0,
        0.0,
        1.0
      ]
    ]
  },
  {
    "image": "1753303738.553509.png",
    "timestamp": 1753303738.553509,
    "T_board_cam": [
      [
        0.9780639697741424,
        0.18508788249837263,
        0.09556854493981781,
        -0.12497198549287075
      ],
      [
        -0.13806558840336977,
        0.9195525179802871,
        -0.3679144737230993,
        -0.043826609365671815
      ],
      [
        -0.15597680702103328,
        0.34664916331700907,
        0.9249354535550797,
        0.5166551252822306
      ],
      [
        0.0,
        0.0,
        0.0,
        1.0
      ]
    ]
  },
  {
    "image": "1753303740.557332.png",
    "timestamp": 1753303740.557332,
    "T_board_cam": [
      [
        0.9849406092311422,
        0.14371159420741084,
        0.09611958165613664,
        -0.13371799237627638
      ],
      [
        -0.1539630988705407,
        0.981995936447098,
        0.10945019409561206,
        -0.09203690419907352
      ],
      [
        -0.07865977671953024,
        -0.1226008095069177,
        0.9893339582945094,
        0.5337819310911696
      ],
      [
        0.0,
        0.0,
        0.0,
        1.0
      ]
    ]
  },
  {
    "image": "1753303742.560390.png",
    "timestamp": 1753303742.56039,
    "T_board_cam": [
      [
        0.9843764262988052,
        0.04785547130072096,
        0.1694488277143835,
        -0.12188173493102518
      ],
      [
        -0.07070754077045541,
        0.9887902656528107,
        0.13150762041964859,
        -0.10526717297720115
      ],
      [
        -0.16125599221544398,
        -0.14143431131387413,
        0.9767255707504451,
        0.5392417179476626
      ],
      [
        0.0,
        0.0,
        0.0,
        1.0
      ]
    ]
  },
  {
    "image": "1753303744.564553.png",
    "timestamp": 1753303744.564553,
    "T_board_cam": [
      [
        0.9290266930262243,
        0.07886575150390715,
        0.36151016152313276,
        -0.10460093860236332
      ],
      [
        -0.11808077431318342,
        0.9891267316396734,
        0.08766549773666166,
        -0.10130299043068627
      ],
      [
        -0.35066555916194075,
        -0.12413098724952426,
        0.9282376654834158,
        0.5681542261120467
      ],
      [
        0.0,
        0.0,
        0.0,
        1.0
      ]
    ]
  },
  {
    "image": "1753303748.572370.png",
    "timestamp": 1753303748.57237,
    "T_board_cam": [
      [
        0.9894285787556878,
        0.13179091789756253,
        0.06051645644961181,
        -0.14178683003268353
      ],
      [
        -0.1357031318664868,
        0.98855814873842,
        0.06585929368354058,
        -0.09718064274092071
      ],
      [
        -0.051144379389398524,
        -0.07337534001683317,
        0.9959921244338669,
        0.5102954929059113
      ],
      [
        0.0,
        0.0,
        0.0,
        1.0
      ]
    ]
  },
  {
    "image": "1753303750.576143.png",
    "timestamp": 1753303750.576143,
    "T_board_cam": [
      [
        0.98916128609899,
        0.11458845614763402,
        0.09181195891981464,
        -0.1365928252634383
      ],
      [
        -0.14151384775697268,
        0.9107522688340692,
        0.38794862508663636,
        -0.09479246764943469
      ],
      [
        -0.03916351587904657,
        -0.3967364245078802,
        0.9170967388954638,
        0.5397677342465046
      ],
      [
        0.0,
        0.0,
        0.0,
        1.0
      ]
    ]
  },
  {
    "image": "1753303752.579953.png",
    "timestamp": 1753303752.579953,
    "T_board_cam": [
      [
        0.978911888288785,
        0.16763507876140138,
        0.1167475710048998,
        -0.13879645675879473
      ],
      [
        -0.13809931978751722,
        0.9641735075816517,
        -0.22649067343252732,
        -0.07444466724591396
      ],
      [
        -0.15053269691701676,
        0.2055916526670123,
        0.9669911992942521,
        0.5383105308459988
      ],
      [
        0.0,
        0.0,
        0.0,
        1.0
      ]
    ]
  },
  {
    "image": "1753303754.583677.png",
    "timestamp": 1753303754.583677,
    "T_board_cam": [
      [
        0.9750416053603161,
        0.13649936686376107,
        0.17510508462683147,
        -0.1344696754157241
      ],
      [
        -0.1774872255063204,
        0.9530396672112849,
        0.24538475401677234,
        -0.09450675716323957
      ],
      [
        -0.13338722801845013,
        -0.27033926012992576,
        0.9534802209977711,
        0.5360418815907614
      ],
      [
        0.0,
        0.0,
        0.0,
        1.0
      ]
    ]
  },
  {
    "image": "1753303756.587538.png",
    "timestamp": 1753303756.587538,
    "T_board_cam": [
      [
        0.8789852859589699,
        0.11898289117152668,
        0.46176610819341496,
        -0.12073069360378902
      ],
      [
        -0.21321818685063487,
        0.964240351311612,
        0.1574120379722808,
        -0.08550183708180145
      ],
      [
        -0.42652417500507017,
        -0.23681979754852348,
        0.8729223972526542,
        0.5773819818619328
      ],
      [
        0.0,
        0.0,
        0.0,
        1.0
      ]
    ]
  },
  {
    "image": "1753303760.595576.png",
    "timestamp": 1753303760.595576,
    "T_board_cam": [
      [
        0.9866227862342871,
        0.13198303597379926,
        0.09568675926391747,
        -0.14522530088090596
      ],
      [
        -0.1556939291468011,
        0.9368677891557745,
        0.31311043749642425,
        -0.10761755359834799
      ],
      [
        -0.0483205764672046,
        -0.32381973975888206,
        0.9448840659215113,
        0.5296008318262747
      ],
      [
        0.0,
        0.0,
        0.0,
        1.0
      ]
    ]
  },
  {
    "image": "1753303762.598994.png",
    "timestamp": 1753303762.598994,
    "T_board_cam": [
      [
        0.9776920248438576,
        0.09483994025804682,
        0.1874131539902357,
        -0.13853332180953287
      ],
      [
        -0.11913184731518311,
        0.9852421244504033,
        0.12290467510932239,
        -0.08354359355376785
      ],
      [
        -0.17299106194248762,
        -0.14248979591643152,
        0.9745618248975814,
        0.5337977631733146
      ],
      [
        0.0,
        0.0,
        0.0,
        1.0
      ]
    ]
  },
  {
    "image": "1753303764.601553.png",
    "timestamp": 1753303764.601553,
    "T_board_cam": [
      [
        0.9352570521131722,
        0.06847653454979823,
        0.34728260925164295,
        -0.1373216657020051
      ],
      [
        -0.12346087099465212,
        0.9826028117326147,
        0.13874122569878658,
        -0.08333438975981293
      ],
      [
        -0.331740349981459,
        -0.1726345231731187,
        0.9274403816973731,
        0.551901095116994
      ],
      [
        0.0,
        0.0,
        0.0,
        1.0
      ]
    ]
  },
  {
    "image": "1753303766.606426.png",
    "timestamp": 1753303766.606426,
    "T_board_cam": [
      [
        0.9902319038219474,
        0.11611271971866093,
        -0.07719205252289404,
        -0.13082840335620824
      ],
      [
        -0.10131550264089743,
        0.9795607853275002,
        0.17376949321786422,
        -0.08670132478555036
      ],
      [
        0.09579115605202732,
        -0.16425134449406115,
        0.9817563599254703,
        0.4952020497281696
      ],
      [
        0.0,
        0.0,
        0.0,
        1.0
      ]
    ]
  }
]