%YAML:1.0
---
camera_matrix: !!opencv-matrix
   rows: 3
   cols: 3
   dt: d
   data: [ 589.8960978941185, 0., 489.29592389308397, 0.,
       589.17456219745179, 306.62443561349988, 0., 0., 1. ]
dist_coeff: !!opencv-matrix
   rows: 1
   cols: 5
   dt: d
   data: [ -0.047432780521867619, -0.85380308647169723,
       0.0020396894157472785, 0.0028971417667963649, 5.1990192963962398 ]
