[
  {
    "image": "1753304147.435199.png",
    "timestamp": 1753304147.435199,
    "T_board_cam": [
      [
        0.9983765910017754,
        -0.01070305766163615,
        -0.055943070137107885,
        -0.12223050477249692
      ],
      [
        0.02581769091640926,
        0.9605283825737323,
        0.27698135876992597,
        -0.12552586855176442
      ],
      [
        0.05077035922089226,
        -0.2779760256334733,
        0.9592453803889807,
        0.5961190321618828
      ],
      [
        0.0,
        0.0,
        0.0,
        1.0
      ]
    ]
  },
  {
    "image": "1753304149.439152.png",
    "timestamp": 1753304149.439152,
    "T_board_cam": [
      [
        0.9402144329888904,
        -0.08776708361435226,
        0.3290801711334345,
        -0.13038010323182034
      ],
      [
        -0.008501967641722362,
        0.9598765160131024,
        0.2802941143741112,
        -0.12010665628401196
      ],
      [
        -0.3404769251294401,
        -0.26633440078288706,
        0.9017435613377132,
        0.6107153815360665
      ],
      [
        0.0,
        0.0,
        0.0,
        1.0
      ]
    ]
  },
  {
    "image": "1753304151.442354.png",
    "timestamp": 1753304151.442354,
    "T_board_cam": [
      [
        0.9049087812238947,
        0.11087295908270792,
        -0.41091031212191503,
        -0.1251178861288703
      ],
      [
        0.0554030406486018,
        0.9265703611322362,
        0.37201864060577244,
        -0.11238433401027918
      ],
      [
        0.4219841238136511,
        -0.3594086153885598,
        0.8323189571514659,
        0.582132210517375
      ],
      [
        0.0,
        0.0,
        0.0,
        1.0
      ]
    ]
  },
  {
    "image": "1753304153.446201.png",
    "timestamp": 1753304153.446201,
    "T_board_cam": [
      [
        0.9999940915462203,
        -0.0017741809597346244,
        -0.002944342808092724,
        -0.1454670691413328
      ],
      [
        0.0025871763801817204,
        0.9524165505990201,
        0.3047884851227849,
        -0.12510324763275016
      ],
      [
        0.0022634908940135,
        -0.30479430182827627,
        0.952415513408925,
        0.5820801607106053
      ],
      [
        0.0,
        0.0,
        0.0,
        1.0
      ]
    ]
  },
  {
    "image": "1753304155.449960.png",
    "timestamp": 1753304155.44996,
    "T_board_cam": [
      [
        0.9949015081775908,
        -0.01792740141423664,
        0.09924513743497988,
        -0.14806204618798616
      ],
      [
        0.007793366891589394,
        0.9947976867289282,
        0.10157177713945027,
        -0.10251847769459911
      ],
      [
        -0.10054975116054886,
        -0.1002804604960802,
        0.9898654336748232,
        0.5759575039374023
      ],
      [
        0.0,
        0.0,
        0.0,
        1.0
      ]
    ]
  },
  {
    "image": "1753304157.453148.png",
    "timestamp": 1753304157.453148,
    "T_board_cam": [
      [
        0.9969381401471662,
        -0.057715847151509916,
        0.05275628595241042,
        -0.14992238599082672
      ],
      [
        0.014584940364034179,
        0.8000938703488072,
        0.5996974888598781,
        -0.11309863950241887
      ],
      [
        -0.0768220296170735,
        -0.5970918519104489,
        0.7984858772374523,
        0.5938593157734231
      ],
      [
        0.0,
        0.0,
        0.0,
        1.0
      ]
    ]
  },
  {
    "image": "1753304159.457764.png",
    "timestamp": 1753304159.457764,
    "T_board_cam": [
      [
        0.8947353201001339,
        -0.15671774496411317,
        0.4181964315709474,
        -0.15856884322002252
      ],
      [
        -0.005111574204999983,
        0.9327521352084747,
        0.3604820745518119,
        -0.10401993158982607
      ],
      [
        -0.44656755230811124,
        -0.3246736864567169,
        0.8337652058872137,
        0.5783080976233451
      ],
      [
        0.0,
        0.0,
        0.0,
        1.0
      ]
    ]
  },
  {
    "image": "1753304161.461331.png",
    "timestamp": 1753304161.461331,
    "T_board_cam": [
      [
        0.8426672318239405,
        0.13039493926537088,
        -0.5224070216068667,
        -0.14511325172419104
      ],
      [
        0.035020298575806616,
        0.9549053906536104,
        0.29483770720234714,
        -0.1011859786781989
      ],
      [
        0.5372946259714854,
        -0.26674492444028974,
        0.800101012489989,
        0.5274060488887046
      ],
      [
        0.0,
        0.0,
        0.0,
        1.0
      ]
    ]
  },
  {
    "image": "1753304163.464910.png",
    "timestamp": 1753304163.46491,
    "T_board_cam": [
      [
        0.9984518932202548,
        0.05022868149762159,
        0.02389344010181959,
        -0.15745838463578993
      ],
      [
        -0.05459264594667646,
        0.967212583529694,
        0.24803116995723662,
        -0.08137980764113484
      ],
      [
        -0.010651757293028412,
        -0.24895159733736444,
        0.9684573517970448,
        0.5968507824534062
      ],
      [
        0.0,
        0.0,
        0.0,
        1.0
      ]
    ]
  },
  {
    "image": "1753304165.472267.png",
    "timestamp": 1753304165.472267,
    "T_board_cam": [
      [
        0.9975012402911312,
        -0.01549493932302107,
        0.0689288217876312,
        -0.16160323943474236
      ],
      [
        -0.03344128180679706,
        0.7558743184243141,
        0.6538621379294698,
        -0.09331466639048103
      ],
      [
        -0.062233080341354705,
        -0.6545333617180675,
        0.7534673994999863,
        0.6195116444857786
      ],
      [
        0.0,
        0.0,
        0.0,
        1.0
      ]
    ]
  },
  {
    "image": "1753304167.472593.png",
    "timestamp": 1753304167.472593,
    "T_board_cam": [
      [
        0.9948487593899711,
        0.045486568935034416,
        0.09059204151995848,
        -0.1674927852864552
      ],
      [
        -0.06026190106815557,
        0.9839931659258797,
        0.16770793866366612,
        -0.07838492447105541
      ],
      [
        -0.08151349102993533,
        -0.17230328336303558,
        0.9816654874866643,
        0.600985909356428
      ],
      [
        0.0,
        0.0,
        0.0,
        1.0
      ]
    ]
  },
  {
    "image": "1753304169.476455.png",
    "timestamp": 1753304169.476455,
    "T_board_cam": [
      [
        0.9735422312424965,
        0.11618266450869137,
        0.19676664467089544,
        -0.17474546694568238
      ],
      [
        -0.06429880396858827,
        0.9655866047017403,
        -0.25200827888935373,
        -0.08047688329232815
      ],
      [
        -0.21927422966593824,
        0.232688842208272,
        0.9475097439689912,
        0.5694014307569141
      ],
      [
        0.0,
        0.0,
        0.0,
        1.0
      ]
    ]
  },
  {
    "image": "1753304171.480183.png",
    "timestamp": 1753304171.480183,
    "T_board_cam": [
      [
        0.9954434062391114,
        0.0941815326058261,
        0.014908517400907335,
        -0.16651548257549412
      ],
      [
        -0.07771319181709463,
        0.8919032271170798,
        -0.44549892623410237,
        -0.09155988094913388
      ],
      [
        -0.05525472642837802,
        0.44231038013385626,
        0.8951583339461062,
        0.5565132627340567
      ],
      [
        0.0,
        0.0,
        0.0,
        1.0
      ]
    ]
  },
  {
    "image": "1753304173.484750.png",
    "timestamp": 1753304173.48475,
    "T_board_cam": [
      [
        0.9972103140011056,
        0.07415978600932248,
        0.008480317733893582,
        -0.17192853457834695
      ],
      [
        -0.07131387308681846,
        0.9801161272821688,
        -0.18516670474672417,
        -0.11228665414725027
      ],
      [
        -0.022043619375534562,
        0.18404538348042002,
        0.9826705326122136,
        0.5625973312697018
      ],
      [
        0.0,
        0.0,
        0.0,
        1.0
      ]
    ]
  },
  {
    "image": "1753304175.489262.png",
    "timestamp": 1753304175.489262,
    "T_board_cam": [
      [
        0.9978436586367927,
        0.05685464248243218,
        0.03279607516966892,
        -0.17533705227158508
      ],
      [
        -0.05649653200577253,
        0.9983337066222233,
        -0.011745300900925057,
        -0.1161668609522477
      ],
      [
        -0.03340920217036732,
        0.009867109512282108,
        0.9993930484850353,
        0.5613904934984608
      ],
      [
        0.0,
        0.0,
        0.0,
        1.0
      ]
    ]
  },
  {
    "image": "1753304177.491411.png",
    "timestamp": 1753304177.491411,
    "T_board_cam": [
      [
        0.9964428852298982,
        0.07679481272086083,
        -0.03470062267285606,
        -0.1735725009310303
      ],
      [
        -0.07004337958950638,
        0.9836932969194425,
        0.16565452777222234,
        -0.10666862529612997
      ],
      [
        0.04685617835884977,
        -0.16263472671888246,
        0.9855731551816325,
        0.5409186832889119
      ],
      [
        0.0,
        0.0,
        0.0,
        1.0
      ]
    ]
  },
  {
    "image": "1753304179.495120.png",
    "timestamp": 1753304179.49512,
    "T_board_cam": [
      [
        0.9781862387400697,
        0.03478596988152269,
        0.20479652985086697,
        -0.1837653878970514
      ],
      [
        -0.0751699530712837,
        0.9783421787293481,
        0.19286279961250508,
        -0.10174056440853133
      ],
      [
        -0.19365216367192042,
        -0.20405028208388754,
        0.9596157157355593,
        0.5720492706226069
      ],
      [
        0.0,
        0.0,
        0.0,
        1.0
      ]
    ]
  },
  {
    "image": "1753304181.498949.png",
    "timestamp": 1753304181.498949,
    "T_board_cam": [
      [
        0.928736328945698,
        0.14831746264622686,
        -0.3397804608429586,
        -0.17529495142552565
      ],
      [
        -0.09012453730528502,
        0.9793189040974029,
        0.18114097231982093,
        -0.09543926858004982
      ],
      [
        0.35961979794218296,
        -0.13760964483511665,
        0.9228960865538312,
        0.537692330141806
      ],
      [
        0.0,
        0.0,
        0.0,
        1.0
      ]
    ]
  },
  {
    "image": "1753304183.504113.png",
    "timestamp": 1753304183.504113,
    "T_board_cam": [
      [
        0.9730639840808794,
        0.03408776820143905,
        0.22800111171591078,
        -0.18506454833936078
      ],
      [
        -0.08425697203481469,
        0.9731719223124495,
        0.21409617531898192,
        -0.09373872819481993
      ],
      [
        -0.21458621938086034,
        -0.2275399606261211,
        0.949830680053078,
        0.5844258169072469
      ],
      [
        0.0,
        0.0,
        0.0,
        1.0
      ]
    ]
  },
  {
    "image": "1753304185.506131.png",
    "timestamp": 1753304185.506131,
    "T_board_cam": [
      [
        0.9956438055432735,
        0.09323837378138194,
        -0.00013467706383100356,
        -0.17575082074645232
      ],
      [
        -0.09245851482632891,
        0.9875004806714962,
        0.12764882964474628,
        -0.09220415751104194
      ],
      [
        0.012034762956441347,
        -0.1270803144793372,
        0.991819418116229,
        0.5855121870222916
      ],
      [
        0.0,
        0.0,
        0.0,
        1.0
      ]
    ]
  },
  {
    "image": "1753304187.510237.png",
    "timestamp": 1753304187.510237,
    "T_board_cam": [
      [
        0.996685504187254,
        0.062422165739811644,
        -0.05216779626695806,
        -0.1742482578396003
      ],
      [
        -0.03320804779502265,
        0.8975918895214653,
        0.4395748234680066,
        -0.10444609042705696
      ],
      [
        0.07426460330899808,
        -0.4363854638844391,
        0.896689743225448,
        0.6028325045151466
      ],
      [
        0.0,
        0.0,
        0.0,
        1.0
      ]
    ]
  },
  {
    "image": "1753304189.513868.png",
    "timestamp": 1753304189.513868,
    "T_board_cam": [
      [
        0.7664941886716587,
        0.21288026924686376,
        -0.6059444278957917,
        -0.17158691246143873
      ],
      [
        -0.022236798823112316,
        0.9517002162447457,
        0.30622250599491346,
        -0.09536475598564556
      ],
      [
        0.6418661725863701,
        -0.22124350694446873,
        0.734206460829811,
        0.5656804212686966
      ],
      [
        0.0,
        0.0,
        0.0,
        1.0
      ]
    ]
  },
  {
    "image": "1753304191.518010.png",
    "timestamp": 1753304191.51801,
    "T_board_cam": [
      [
        0.9570724929939941,
        -0.010778901857469825,
        0.289648163172163,
        -0.19998138854746975
      ],
      [
        -0.09797049679783847,
        0.9284628823634306,
        0.3582714862092365,
        -0.09012850751729513
      ],
      [
        -0.27278934163827895,
        -0.3712687589174956,
        0.8875502711060466,
        0.5917832787448574
      ],
      [
        0.0,
        0.0,
        0.0,
        1.0
      ]
    ]
  },
  {
    "image": "1753304193.522268.png",
    "timestamp": 1753304193.522268,
    "T_board_cam": [
      [
        0.990478286925617,
        0.12093180830161872,
        -0.06578951945253626,
        -0.19093220259258936
      ],
      [
        -0.09820816071165918,
        0.9555661283403124,
        0.2779362004819427,
        -0.09122531318251115
      ],
      [
        0.0964775637053923,
        -0.26882870402843195,
        0.9583439923074938,
        0.5788653109833917
      ],
      [
        0.0,
        0.0,
        0.0,
        1.0
      ]
    ]
  },
  {
    "image": "1753304195.525468.png",
    "timestamp": 1753304195.525468,
    "T_board_cam": [
      [
        0.9905718961783896,
        0.1126043046565634,
        -0.07802300349487713,
        -0.19161937995306638
      ],
      [
        -0.08952354346519276,
        0.9631831507058786,
        0.253502965193176,
        -0.0880862938117539
      ],
      [
        0.10369596745768613,
        -0.24412801717359012,
        0.9641828963240874,
        0.5748736274817569
      ],
      [
        0.0,
        0.0,
        0.0,
        1.0
      ]
    ]
  }
]