camera_matrix:
- - 487.41220906989906
  - 0.0
  - 520.9354151827032
- - 0.0
  - 479.7085822959653
  - 315.2270448843556
- - 0.0
  - 0.0
  - 1.0
dist_coeff:
- - 0.4434660596733329
- - -5.234840479197627
- - -0.04647359913165952
- - -0.0196402944613851
- - 17.547404666714872
rotation_matrix:
- - 0.9483115633550846
  - 0.11082988076683942
  - -0.29735822897011555
- - -0.008134160539775982
  - 0.9452125853407233
  - 0.3263541082104209
- - 0.31723652727791085
  - -0.3070666149921123
  - 0.8972575325501243
translation_vec:
- 35.516290413627615
- -648.643239484597
- -324.23790850246036
