camera_matrix:
- - 513.8611942019573
  - 0.0
  - 494.9436435556076
- - 0.0
  - 520.078847012128
  - 311.2638038628686
- - 0.0
  - 0.0
  - 1.0
dist_coeff:
- - 0.41681195673813703
- - -5.472352764597582
- - -0.040854477472610326
- - 0.007671442524671547
- - 23.072106787662797
rotation_matrix:
- - 0.9992985853210221
  - 0.022595289771736665
  - -0.029862857457637584
- - 0.021186145829528463
  - 0.31643618159305054
  - 0.9483771877284374
- - 0.03087854595498114
  - -0.9483446609007408
  - 0.31573552150615697
translation_vec:
- -60.13305953894114
- -649.5461227128957
- 319.48476136453155
