camera_matrix:
- - 399.87485671559256
  - 0.0
  - 474.5875127229933
- - 0.0
  - 383.5097792925391
  - 275.9193012725813
- - 0.0
  - 0.0
  - 1.0
dist_coeff:
- - 0.3037219539335654
- - -2.1118704820323364
- - -0.04297932442650464
- - 0.009547557619708194
- - 4.047499871559518
rotation_matrix:
- - 0.9969530819488511
  - 0.04437143117126881
  - -0.06415394367068053
- - 0.03896716190470795
  - 0.4291712606591314
  - 0.9023821747559868
- - 0.06757301743876598
  - -0.9021325873285286
  - 0.4261345822556003
translation_vec:
- -53.44022080597096
- -684.5152904925429
- 236.98946090506527
