camera_matrix:
- - 404.93695450552394
  - 0.0
  - 445.20404428403907
- - 0.0
  - 389.5009401860788
  - 317.75358517809195
- - 0.0
  - 0.0
  - 1.0
dist_coeff:
- - 0.16429512132271137
- - -0.40296322883688135
- - -0.03702485461045593
- - -0.007830933096566304
- - 0.44638249664273977
rotation_matrix:
- - -0.11060253723924446
  - 0.8423163900961407
  - 0.5275132014761791
- - -0.9146528378007835
  - -0.2939117431639541
  - 0.2775357157796082
- - 0.38881520682609005
  - -0.4517952923678292
  - 0.8029344610458895
translation_vec:
- -695.5682604617558
- 68.43904901766196
- -200.6303711313617
