%YAML:1.0
---
camera_matrix: !!opencv-matrix
   rows: 3
   cols: 3
   dt: d
   data: [ 597.2626179324609, 0., 485.97485879550635, 0.,
       597.41174584988823, 306.18738446761466, 0., 0., 1. ]
dist_coeff: !!opencv-matrix
   rows: 1
   cols: 5
   dt: d
   data: [ -0.11534881765046863, 0.38538855403125899,
       0.001036994044537682, 0.00040818800896933361, -1.8291969423590617 ]
