[
  {
    "image": "1753303027.839440.png",
    "timestamp": 1753303027.83944,
    "T_board_cam": [
      [
        0.961666995989608,
        -0.27330072501157626,
        0.022434405106217005,
        -0.0796849103350401
      ],
      [
        0.24202232957893072,
        0.8843714039903366,
        0.3991395893535846,
        -0.1246494069984014
      ],
      [
        -0.12892548549263066,
        -0.3784097428876634,
        0.9166156695574116,
        0.5656930690566336
      ],
      [
        0.0,
        0.0,
        0.0,
        1.0
      ]
    ]
  },
  {
    "image": "1753303029.843071.png",
    "timestamp": 1753303029.843071,
    "T_board_cam": [
      [
        0.9590230635241761,
        -0.0707621625610163,
        -0.2743491935078221,
        -0.046106894278840134
      ],
      [
        0.07177314973278365,
        0.9974006751796267,
        -0.006364599646489576,
        -0.05157667873222447
      ],
      [
        0.2740864436745086,
        -0.013587107893624006,
        0.9616090743607547,
        0.4722341469215088
      ],
      [
        0.0,
        0.0,
        0.0,
        1.0
      ]
    ]
  },
  {
    "image": "1753303031.847907.png",
    "timestamp": 1753303031.847907,
    "T_board_cam": [
      [
        0.9172257238080037,
        -0.020760330575336737,
        -0.39782657057980253,
        -0.030902306203907656
      ],
      [
        0.09161422083976703,
        0.9828670945067263,
        0.1599347025377182,
        -0.05572288120550559
      ],
      [
        0.38769034824819437,
        -0.1831427945902015,
        0.903412923676037,
        0.4517444940097664
      ],
      [
        0.0,
        0.0,
        0.0,
        1.0
      ]
    ]
  },
  {
    "image": "1753303033.850623.png",
    "timestamp": 1753303033.850623,
    "T_board_cam": [
      [
        0.9952601341991502,
        -0.0657453536053663,
        0.07165761476071414,
        -0.05217789865776079
      ],
      [
        0.054246186364519056,
        0.9868861216156628,
        0.15203004383114854,
        -0.05256620242314979
      ],
      [
        -0.08071317450574866,
        -0.147422289500945,
        0.9857748485427613,
        0.5266095172276372
      ],
      [
        0.0,
        0.0,
        0.0,
        1.0
      ]
    ]
  },
  {
    "image": "1753303035.854069.png",
    "timestamp": 1753303035.854069,
    "T_board_cam": [
      [
        0.997063710086472,
        -0.07621668192508456,
        -0.007414541451117966,
        -0.061107232492526656
      ],
      [
        0.07656060160250551,
        0.9902010804051812,
        0.1167916719919462,
        -0.059744235124917236
      ],
      [
        -0.0015595867601029111,
        -0.11701639953759649,
        0.9931287579807542,
        0.5337530718175721
      ],
      [
        0.0,
        0.0,
        0.0,
        1.0
      ]
    ]
  },
  {
    "image": "1753303037.858180.png",
    "timestamp": 1753303037.85818,
    "T_board_cam": [
      [
        0.9986504511625872,
        -0.025792023186640582,
        -0.04507824234262927,
        -0.05727515676034432
      ],
      [
        0.03173880545889943,
        0.9901139078003426,
        0.13662758802078312,
        -0.04618207889027147
      ],
      [
        0.04110869276446474,
        -0.13787393198235298,
        0.9895963087334767,
        0.48821845212484205
      ],
      [
        0.0,
        0.0,
        0.0,
        1.0
      ]
    ]
  },
  {
    "image": "1753303039.864118.png",
    "timestamp": 1753303039.864118,
    "T_board_cam": [
      [
        0.9060361201853013,
        -0.038034488348573633,
        -0.42148775381454257,
        -0.02583560861705182
      ],
      [
        0.09235734228208699,
        0.9897174847566017,
        0.10922189200730471,
        -0.06103387557183255
      ],
      [
        0.4129996007820778,
        -0.13788646802035406,
        0.9002325542273597,
        0.4430098618175422
      ],
      [
        0.0,
        0.0,
        0.0,
        1.0
      ]
    ]
  },
  {
    "image": "1753303041.865754.png",
    "timestamp": 1753303041.865754,
    "T_board_cam": [
      [
        0.8810401454961844,
        -0.07425935688412591,
        0.4671764227133239,
        -0.03775444548164667
      ],
      [
        -0.060236297301861454,
        0.9619497037564824,
        0.2665039510592245,
        -0.048912973697407325
      ],
      [
        -0.46919063344383166,
        -0.26294165770750705,
        0.8430431982589054,
        0.5810180394389133
      ],
      [
        0.0,
        0.0,
        0.0,
        1.0
      ]
    ]
  },
  {
    "image": "1753303043.869499.png",
    "timestamp": 1753303043.869499,
    "T_board_cam": [
      [
        0.9944107447137995,
        0.004825503806791547,
        -0.10547030535063957,
        -0.04083771954348025
      ],
      [
        0.01397972525765445,
        0.9841416896964988,
        0.1768324118566523,
        -0.051613394182264356
      ],
      [
        0.10465102999716251,
        -0.17731849625555382,
        0.9785736113375437,
        0.4914563365945519
      ],
      [
        0.0,
        0.0,
        0.0,
        1.0
      ]
    ]
  },
  {
    "image": "1753303045.872799.png",
    "timestamp": 1753303045.872799,
    "T_board_cam": [
      [
        0.9962227992675025,
        0.0009558488762547064,
        -0.08682868519416345,
        -0.03954965595714975
      ],
      [
        0.04214330569530639,
        0.8689546379268461,
        0.49309408738139987,
        -0.05538981316540562
      ],
      [
        0.07592151213386977,
        -0.4948908198566118,
        0.8656321392005712,
        0.507490821754347
      ],
      [
        0.0,
        0.0,
        0.0,
        1.0
      ]
    ]
  },
  {
    "image": "1753303047.877404.png",
    "timestamp": 1753303047.877404,
    "T_board_cam": [
      [
        0.9946422459875869,
        0.03183396654472832,
        0.09835344971478008,
        -0.03416801569907067
      ],
      [
        -0.0035507900434861104,
        0.9613646765109127,
        -0.2752550647075095,
        -0.046044493081125494
      ],
      [
        -0.10331599288994775,
        0.2734310833301461,
        0.9563269567893958,
        0.5037898605360066
      ],
      [
        0.0,
        0.0,
        0.0,
        1.0
      ]
    ]
  },
  {
    "image": "1753303049.881480.png",
    "timestamp": 1753303049.88148,
    "T_board_cam": [
      [
        0.9987233979488063,
        -0.050510344627174124,
        0.0005286541727743542,
        -0.03024705988971352
      ],
      [
        0.05014624481265729,
        0.9926746314571864,
        0.1099201082265131,
        -0.06165771518362205
      ],
      [
        -0.006076884134104529,
        -0.10975327396931453,
        0.9939402850937461,
        0.48715620137610544
      ],
      [
        0.0,
        0.0,
        0.0,
        1.0
      ]
    ]
  },
  {
    "image": "1753303051.884278.png",
    "timestamp": 1753303051.884278,
    "T_board_cam": [
      [
        0.9718547947135799,
        -0.03312804576208088,
        -0.23323977057142498,
        -0.02981891370729054
      ],
      [
        0.05842637334252854,
        0.9930254477330038,
        0.1024051710252303,
        -0.05177599747995203
      ],
      [
        0.22822054440883482,
        -0.11315031037806599,
        0.967012094221723,
        0.42671540287867094
      ],
      [
        0.0,
        0.0,
        0.0,
        1.0
      ]
    ]
  },
  {
    "image": "1753303053.888330.png",
    "timestamp": 1753303053.88833,
    "T_board_cam": [
      [
        0.8901493944980976,
        -0.068993626560976,
        0.45041529166829436,
        -0.0132180627374098
      ],
      [
        0.02225735757453758,
        0.9938742327117551,
        0.10825257311223149,
        -0.05691443703469602
      ],
      [
        -0.45512489001203754,
        -0.08633590820501305,
        0.886232162272362,
        0.6021874598101551
      ],
      [
        0.0,
        0.0,
        0.0,
        1.0
      ]
    ]
  },
  {
    "image": "1753303055.891793.png",
    "timestamp": 1753303055.891793,
    "T_board_cam": [
      [
        0.9961041689124346,
        -0.019586365167652952,
        0.08598173628618722,
        -0.0329906233086912
      ],
      [
        0.011114094267047417,
        0.9951312247367091,
        0.09793019178292518,
        -0.05302382833189465
      ],
      [
        -0.08748120703266088,
        -0.09659306317503692,
        0.9914720462839949,
        0.5662465552230632
      ],
      [
        0.0,
        0.0,
        0.0,
        1.0
      ]
    ]
  },
  {
    "image": "1753303057.895450.png",
    "timestamp": 1753303057.89545,
    "T_board_cam": [
      [
        0.99866602186684,
        -0.009363630485771199,
        0.05077892469111964,
        -0.032104029428225093
      ],
      [
        0.002113320193441842,
        0.9900080687514534,
        0.1409948853142463,
        -0.05214947941993788
      ],
      [
        -0.05159176917319713,
        -0.1406994890933987,
        0.9887072079854764,
        0.5557205368649503
      ],
      [
        0.0,
        0.0,
        0.0,
        1.0
      ]
    ]
  },
  {
    "image": "1753303059.899574.png",
    "timestamp": 1753303059.899574,
    "T_board_cam": [
      [
        0.9995869475917246,
        -0.020558181396118366,
        0.02008221556360355,
        -0.035640706741868325
      ],
      [
        0.017654771558800752,
        0.990639583159288,
        0.13535702907200117,
        -0.053897078853778216
      ],
      [
        -0.022676932011745064,
        -0.13494657259699597,
        0.9905933470899441,
        0.5319315851428471
      ],
      [
        0.0,
        0.0,
        0.0,
        1.0
      ]
    ]
  },
  {
    "image": "1753303061.903427.png",
    "timestamp": 1753303061.903427,
    "T_board_cam": [
      [
        0.9982419235955133,
        -0.02665005881090869,
        0.05294182034747637,
        -0.046740822687655746
      ],
      [
        0.023025859094081225,
        0.9974247164194939,
        0.06792455291329964,
        -0.05412617799756574
      ],
      [
        -0.05461567347665752,
        -0.0665861054640323,
        0.996284808059334,
        0.6084298685204172
      ],
      [
        0.0,
        0.0,
        0.0,
        1.0
      ]
    ]
  },
  {
    "image": "1753303063.907484.png",
    "timestamp": 1753303063.907484,
    "T_board_cam": [
      [
        0.9996432966997395,
        0.01010682715369648,
        0.024721072148308404,
        -0.04316781834658154
      ],
      [
        -0.012399077776924514,
        0.9954568428957551,
        0.09440305504748149,
        -0.04046662513948716
      ],
      [
        -0.023654645073607476,
        -0.09467589966248723,
        0.9952270754905839,
        0.5512022516962237
      ],
      [
        0.0,
        0.0,
        0.0,
        1.0
      ]
    ]
  },
  {
    "image": "1753303065.910658.png",
    "timestamp": 1753303065.910658,
    "T_board_cam": [
      [
        0.9995660741780138,
        -0.026798785225688706,
        -0.012226547459556503,
        -0.047680138053862745
      ],
      [
        0.027814541448414516,
        0.9953428108210223,
        0.09229864696148597,
        -0.05050069221957645
      ],
      [
        0.009696114498489063,
        -0.09259867200631984,
        0.9956563017961059,
        0.5591738189260457
      ],
      [
        0.0,
        0.0,
        0.0,
        1.0
      ]
    ]
  },
  {
    "image": "1753303067.916079.png",
    "timestamp": 1753303067.916079,
    "T_board_cam": [
      [
        0.9996720357930206,
        0.023777310891089896,
        0.009511064095377877,
        -0.03577918363307526
      ],
      [
        -0.024547255176347264,
        0.9955203905407066,
        0.09130489735488583,
        -0.03945002296486205
      ],
      [
        -0.007297473312402105,
        -0.09150842313397932,
        0.9957775632031419,
        0.5582266890149028
      ],
      [
        0.0,
        0.0,
        0.0,
        1.0
      ]
    ]
  },
  {
    "image": "1753303069.918579.png",
    "timestamp": 1753303069.918579,
    "T_board_cam": [
      [
        0.9994098925559134,
        -0.009217937684226046,
        -0.03308921706881949,
        -0.03878252223639708
      ],
      [
        0.013761450535996544,
        0.9900800265805825,
        0.13982905079180938,
        -0.04784100459237358
      ],
      [
        0.031472037438384094,
        -0.140201892252005,
        0.9896226251801412,
        0.5422121309515461
      ],
      [
        0.0,
        0.0,
        0.0,
        1.0
      ]
    ]
  },
  {
    "image": "1753303071.922276.png",
    "timestamp": 1753303071.922276,
    "T_board_cam": [
      [
        0.9995289878978546,
        -0.02611179819614542,
        -0.016123782026998785,
        -0.06748426804564225
      ],
      [
        0.027646262084926456,
        0.9942226098352879,
        0.10371637423782461,
        -0.04911406939656867
      ],
      [
        0.01332240761356408,
        -0.1041132848740866,
        0.9944762125702683,
        0.5520251076182462
      ],
      [
        0.0,
        0.0,
        0.0,
        1.0
      ]
    ]
  },
  {
    "image": "1753303073.925016.png",
    "timestamp": 1753303073.925016,
    "T_board_cam": [
      [
        0.9992021432224153,
        -0.0389110099720108,
        0.009000571242424146,
        -0.07157461797361156
      ],
      [
        0.038162517464184365,
        0.9966651464490202,
        0.07212633440393994,
        -0.06392187260670203
      ],
      [
        -0.011777064172691785,
        -0.07172530346196677,
        0.9973548925045493,
        0.5945653299265186
      ],
      [
        0.0,
        0.0,
        0.0,
        1.0
      ]
    ]
  },
  {
    "image": "1753303075.929631.png",
    "timestamp": 1753303075.929631,
    "T_board_cam": [
      [
        0.9989138654713919,
        -0.023198989814350056,
        -0.04040911086123493,
        -0.0563035505269284
      ],
      [
        0.02858229244042511,
        0.9899922043559714,
        0.13819727882000676,
        -0.05933008092621622
      ],
      [
        0.036798667473862554,
        -0.13920216300761407,
        0.9895800199509637,
        0.5044650298834353
      ],
      [
        0.0,
        0.0,
        0.0,
        1.0
      ]
    ]
  }
]
