%YAML:1.0
---
camera_matrix: !!opencv-matrix
   rows: 3
   cols: 3
   dt: d
   data: [ 598.9167499268334, 0., 465.93120354549058, 0.,
       599.20376635485559, 314.24914521092165, 0., 0., 1. ]
dist_coeff: !!opencv-matrix
   rows: 1
   cols: 5
   dt: d
   data: [ -0.036367940741153695, -1.0181623504013972,
       0.0018981518023438667, -0.0026701249608727801, 5.6692358983400082 ]
